000 
001 
002 
003 
007 
010 
011 
012 
017 
018 
022 
024 
025 
027 
028 
029 
030 
031 
034 
038 
041 
042 
043 
044 
045 
047 
053 
058 
059 
064 
065 
067 
070 
073 
074 
077 
078 
081 
084 
086 
087 
089 
091 
093 
094 
098 
099 
100 
101 
102 
103 
104 
106 
107 
109 
110 
117 
120 
125 
126 
127 
129 
131 
132 
133 
136 
137 
140 
142 
145 
147 
149 
150 
151 
155 
156 
157 
158 
159 
160 
161 
163 
164 
167 
169 
171 
172 
173 
174 
175 
176 
177 
178 
180 
181 
183 
185 
186 
187 
189 
191 
192 
193 
194 
195 
196 
198 
201 
202 
203 
207 
210 
213 
214 
216 
220 
221 
222 
223 
224 
226 
228 
230 
231 
235 
240 
245 
247 
249 
254 
256 
258 
260 
261 
262 
263 
267 
269 
273 
274 
280 
283 
284 
287 